best_params:
  max_depth: 3
  learning_rate: 0.15407271628824945
  n_estimators: 62
  min_child_weight: 9
  gamma: 0.12978513855880666
  subsample: 0.8014543660428233
  colsample_bytree: 0.7199384323879412
  lambda: 6.577780531738308e-07
  alpha: 1.9872533605534487e-07
len_train_data: 270540
len_test_data: 57973
