best_params:
  max_depth: 3
  learning_rate: 0.28833854176701407
  n_estimators: 77
  min_child_weight: 6
  gamma: 0.2918961962426218
  subsample: 0.8384758706061154
  colsample_bytree: 0.9516967578424128
  lambda: 0.00020217585542493414
  alpha: 0.009915405052720837
len_train_data: 591045
len_test_data: 126653
