best_params:
  max_depth: 7
  learning_rate: 0.0010062346228826686
  n_estimators: 141
  min_child_weight: 9
  gamma: 0.5678242291262224
  subsample: 0.9523192816363979
  colsample_bytree: 0.586598398062596
  lambda: 0.0012818747992269723
  alpha: 0.01489210075460441
len_train_data: 471153
len_test_data: 100962
