best_params:
  max_depth: 7
  learning_rate: 0.2980765519035124
  n_estimators: 238
  min_child_weight: 3
  gamma: 0.8924278536906676
  subsample: 0.8146270329389664
  colsample_bytree: 0.8289228746053637
  lambda: 8.778567550933792e-07
  alpha: 8.649048916870395e-06
len_train_data: 648364
len_test_data: 138936
