best_params:
  max_depth: 4
  learning_rate: 0.23047799937733413
  n_estimators: 97
  min_child_weight: 5
  gamma: 0.862772933493875
  subsample: 0.9021157081596821
  colsample_bytree: 0.7162142421866213
  lambda: 1.909275284168786e-06
  alpha: 0.00923168825715302
len_train_data: 526759
len_test_data: 112878
