best_params:
  max_depth: 4
  learning_rate: 0.24965817310289176
  n_estimators: 224
  min_child_weight: 3
  gamma: 0.5118012256546343
  subsample: 0.8281480025029065
  colsample_bytree: 0.843818832895338
  lambda: 0.3754901807436922
  alpha: 9.107467733376087e-07
len_train_data: 203580
len_test_data: 43625
