best_params:
  max_depth: 3
  learning_rate: 0.001042982181295327
  n_estimators: 168
  min_child_weight: 1
  gamma: 0.8239602023555417
  subsample: 0.9576883589168947
  colsample_bytree: 0.5811784484361582
  lambda: 3.5230353120996636e-05
  alpha: 0.0005886911019197131
len_train_data: 364946
len_test_data: 78203
