best_params:
  max_depth: 4
  learning_rate: 0.281153115397466
  n_estimators: 232
  min_child_weight: 3
  gamma: 0.9523738024034668
  subsample: 0.902665139310355
  colsample_bytree: 0.7816473799107287
  lambda: 3.59244865758848e-06
  alpha: 0.29085300847422085
len_train_data: 243655
len_test_data: 52212
