best_params:
  max_depth: 10
  learning_rate: 0.29919889759048773
  n_estimators: 79
  min_child_weight: 5
  gamma: 0.008831460028064843
  subsample: 0.8463354865399898
  colsample_bytree: 0.7104284144224567
  lambda: 4.326982784183609e-08
  alpha: 6.015016485105822e-07
len_train_data: 610505
len_test_data: 130823
