best_params:
  max_depth: 4
  learning_rate: 0.00101080009007743
  n_estimators: 172
  min_child_weight: 3
  gamma: 0.9075856248002905
  subsample: 0.8295761483709718
  colsample_bytree: 0.5251936937373364
  lambda: 0.00017220864226296466
  alpha: 0.00013894439318353966
len_train_data: 461504
len_test_data: 98894
